<?xml version="1.0"?>
<opencv_storage>
<M_l type_id="opencv-matrix">
  <rows>3</rows>
  <cols>3</cols>
  <dt>f</dt>
  <data>
  1103.4302694252408 0.000000 921.69813774779550
0.000000 1101.5127058540975 545.83699063158042
0.000000 0.000000 1.000000</data></M_l>
<M_r type_id="opencv-matrix">
  <rows>3</rows>
  <cols>3</cols>
  <dt>f</dt>
  <data>
   1102.7549465928334 0.000000 1018.5249353781012
0.000000 1100.5421941278039 544.69169730376200
0.000000 0.000000 1.000000</data></M_r>
<D_l type_id="opencv-matrix">
  <rows>5</rows>
  <cols>1</cols>
  <dt>f</dt>
  <data>
   -0.030900353350126124 0.183270407476768847 -0.0014108723168396076 -0.00096228054708661086 -0.30264026164756580</data></D_l>
<D_r type_id="opencv-matrix">
  <rows>5</rows>
  <cols>1</cols>
  <dt>f</dt>
  <data>
  -0.026790609243040681 0.10746903856836157 -0.0010679244939307850 -0.00080768400233770005 -0.27523099640323956</data></D_r>
<R type_id="opencv-matrix">
  <rows>3</rows>
  <cols>3</cols>
  <dt>d</dt>
  <data>
   0.999949519200336 -0.00014277896459695 -0.00096062954575287178
   0.00014276108428210504 0.99999840606601165 0.0017797428771723122
   -0.00096062954575287178 -0.0017796048969018238 0.9999795485099219</data></R>
<T type_id="opencv-matrix">
  <rows>3</rows>
  <cols>1</cols>
  <dt>d</dt>
  <data>
   -4.1081855448335531 -0.14437844278862857 0.0092522573362769783</data></T>
</opencv_storage>
